- input data (padded):
[   0    0  -35 -117 -106   71   67   30  -36  -38   -6   26   35  -13
   66  121  -17   70   10    8  -89   48 -109  -77  -95  102  -61  -67
   -4  -32 -103  -44   41  -27  -94   52  124  -89  -57  -54  -24  -56
  -51  126   -9 -120  -89 -103  -36  112  -94    9   28  -93 -100  110
   76  -44  -47  118   70   39   -6   31  106   94   45  -89   58   78
  -46  -23   -2  113   25  -69  107   -7   50 -106  -85  -54  -48  -68
 -126  -19  -70 -103   24   15   44   61   43   88  124  -47   -7   12
   15 -113   74   -9  103 -124  -15   36 -113   94    9   92  -33   94
 -114   58  -51  113   28 -113   81  116   37   29   99   88  -45  -91
   57  112   39   22    0    0]
- filter values:
[-127  -59  112   25  -13]
- filter values ch11:
[ 93  54  26 -69  73]
