- input data (padded):
[   0    0 -123   -4   -3   66   29  105  -92   62   63  -84  -82 -110
  -52  109  -52  -73   -7 -108  106   76  -63   -3   76  109  -28 -113
  110 -122   78 -128 -106   45  -66   15 -102   85  -13  -44  -68   46
   71 -122 -123  -70   86  -85  -16  -66   39  113  -66    2   10  -60
  -96   22  106   95 -121   -3  103  121  -77   95   72  -76  -84  -52
  -40  -17   87   55 -100  104   83   38   59  -41  -33  111   48   46
  110    5    6  123  -73   49   94 -122   98  -70  -87   28   88  -19
  -42  124 -125 -113   65  -53   19   86 -110 -126  -53  -80  -66  -69
   34   18   51  -78   71  -69   82   16   99  -11 -127   15   -4  -33
 -123   70   54  103    0    0]
- filter values:
[  42   70   13 -127  119]
- filter values ch15:
[  49 -121   69  -23    3]
