- input data (padded):
[   0    0   -3  -50 -117  -22   18 -120   -3  -98  126  100   75  -53
   -7  -63   62   96    9  -66  120   32  -22   21 -113    6  -87  -64
  -16   20  105   31  124   -3   62  117   20   25    1  103  -37   59
   82   56 -116  -60  -25   16   59 -125   16  -84   97  -56   78   35
  102 -105 -123  -88  107  -64  -70 -113   25   83 -128  -69   91  -45
   80   71  -33   85    4  115  103  -92  -18 -116  -11  100   36   26
  -27  -86  -23  -33  -64  117   51  -90   68  118 -101   74   51   15
  -97  -21   81  117 -126  -77  -82 -105  -60  113  -69  -80  -90  -95
  121  126  -23  116  -72 -122   83  -74   -6   19   64  -35  -76 -110
   33  -42   47  -15    0    0]
- filter values:
[ 87 -90 -18 -66  -4]
- filter values ch1:
[-108  107    2  -14  119]
