- input data (padded):
[   0    0   69  -48   80   34  -47  -18  -41   45   18  100   11   59
  110   83   27   24   49  -42   69   13   37 -118  -78  -10  -15  -92
   -4  107   76  -99  -97  104   90  -13 -121  -97  -88  -57  111  -96
   12  -90 -106  -52  -31   28  -49   44  -68    8 -100    5   79  -20
   -7   14   25  -47  -64   47 -104  109 -113  -34   48 -124  119  -46
  115   -4  -58    0  -21   59   33  103  -33   90  -71    7   36 -112
   81   86  116  -21  113  123   63  106   16 -112 -110   21  -32  -64
   52   38   34 -120  -15  -57  -30   90   85   88   79  -84 -128  -48
  -51   -2 -110  -69  109   37 -102  116  -79  -34  104   33  105   75
  -99   -1   60    5    0    0]
- filter values:
[-92  35  41  12  36]
- filter values ch3:
[-116 -121  -69  -59   68]
