- input data (padded):
[   0    0 -113   64    0   34  -85  -97 -123 -118  119   45 -120   48
   21    5  -18  -85   18   26 -115   71  -39   41   83  -15  -51   83
  -64 -104   61 -100  -11  -31   83   75   33  -22 -121  -93   18   79
   40  112  -71  -57  -84   83  -37   11  124   55   11  -58  -94 -125
  -17    4 -101 -105  -46  112  122    3 -109   55   20  -33  -12   27
  110 -126  -60 -117   -7  -74   98   74   52   93  -73  123   38   38
   10   32  111   18   -7  106  -67  -17  -71   56   60   71  -93  120
 -121   64    8  -17  -30   35   79  -46   11   -4   17   66   99   -9
   37  -35  -35  -91  110  -13   19 -127  116  -17  100   30  -67  -47
   84  -37   44   23    0    0]
- filter values:
[ -63 -127  106   93  -37]
- filter values ch9:
[  90  113 -109   93  -50]
