- input data (padded):
[   0    0 -104  -40  112  -93   18   89   96  -88  122  -67  -48 -109
 -108   33   77  100   46   32  -90   48   -4 -121 -120   59  -39   41
  111   81    5   57  -19   -1  -52  -93   96   29  121   26   69   36
  113   12  -27  101   45  117  -20    2  -49  -56  -22   33   24   48
 -113  -85  -90  124   97   76 -116 -119  -73   36    1  -61   48  -36
 -123   16  120  124 -111  -74 -104 -121 -117  -50  -76   69  -40   20
  104  109   -8   13  -11  -82  109    4 -115   16   56  -82   41  -98
   83  -32   90   89 -102   98  -86  110  -13   29   92  -19  -86  -91
  124  104  -71 -121  121   53   87   16   74   63  -80   25    8   93
  107  -79   50   66    0    0]
- filter values:
[-62  36 -52  89 100]
- filter values ch13:
[ 31 105  89 -29 -39]
