- input data (padded):
[   0    0 -120   77  -44  -19 -118    2   19  -92  -89   72  -64  122
 -125   19   91   79   44   19  -44   39  -60  -73  -71  -79  -34   57
  -19  -72  -73  -32   29  -89   94  -33   17 -123   31  -45  -74  -24
   26  -74  -78   41  125 -105 -103 -128  -32  116  -55  -74 -115   91
  -13   88   76 -120   95  -60  109  121  -65  -87   54  100   -3   75
  -45    9  -65   61   10   -9  -61 -113   33   36  -71   21  101    2
 -127  -41  -31   66  -81   69   64  -82  -17   17  115  -90   25   25
  -20   87   49   39   36   59  -94  118  -68  -30 -125   -1 -128  -88
  -71  -31  -56  121  -70   18  115 -111  -68   -1 -104  -39   68  122
   26  -36   29  -42    0    0]
- filter values:
[ 78  95 -54   5 -31]
- filter values ch14:
[ -99 -122  -94  -79  123]
