- input data (padded):
[   0    0   11  113  -12  -15   73 -107  107   95   23 -100  -36   99
   54   79   83  -73  115   87   49 -117   19  126 -124  -51   21  -40
  -46 -112  -52  -38  115   80   79 -103  -92  -32  107   -5   41 -104
  -89  -30 -108  -67  124   61   32   28   38    2 -118  -93  -18  -33
  -97   90 -118  118 -113 -107 -128 -119   -4  -13 -101  -33 -106  110
 -108  -89  -58   36  -86 -125    9   57  -38  -46  -65   64 -107   92
  -34  126 -108  -98 -114   65  -15 -100   66  -50 -108  -36   -6  -19
  -12   -6  -71   78   21   50   19  -54   24   89   64  -45   80   74
 -120   94   69    3    8  -76  -72  -14  123   99  -44  -14   -7  110
    2  120   71 -123    0    0]
- filter values:
[ -96   53 -119 -104    8]
- filter values ch5:
[-95 125 124 -50  53]
