- input data (padded):
[   0    0   75  -90   83  105   42  -29  109   22   43  -99 -104   52
   96  -87   47  -59   43  -19  -36   82   62   24  -20   60  -98 -105
 -119  -37  -25  124   16  -99  -92   94   11   88   96 -120  -73   -8
 -126   80   75   97  -80  -77  -88   92   49 -105 -115   79  106  119
   85  -58    7  -52  -80  -93   10  -43   88  -17  115   15  -35 -108
  -39   72   36   49   88    9  -66   25  -35  -94  -56   90   10   75
   32   46  -67  -83   82  100  -94  -38 -115  -44   33  -47   92   -4
   13   35  123   25   63  116  111  -14  -48   -2   18   -4 -127  -70
  -76  -67  -32   21  -47  -91 -124  100 -106  108  -11  112  -70    7
   62  110   83   87    0    0]
- filter values:
[-72 -79 -88 -61 -16]
- filter values ch4:
[  82   57 -108  -21  -57]
