- input data (padded):
[   0    0  115  -88   51  117  -16  103   87    7  -60   14   71  -28
  -37   58   29  -20  113   94 -123  -19 -114  -83   16   30   54   97
   19   62   96  -65  -34 -117   31  -21 -128  107   93   96   48  -61
 -125  118    3   -4  -35  112   80   65   29   73   35   55  120  118
  108    3   97  -47  124  -37   90   -9 -127  -50  -72  -44  -62   27
   23  -10   56   29  -17  -16   77  -95  -29   68   42   89  122   87
   94  -43   83  -93  -77    7  -47  -71  108 -112   34  -40   50  -34
 -100   17 -128 -114  -48  -50   19   90  -29  -80   -8  -97   31  -24
   20 -119    9  -63  123  -90    6    3 -112  -81  -65  -95  -26   16
 -128  -32  -83    5    0    0]
- filter values:
[-126 -110   39  -46 -106]
- filter values ch2:
[ 101   14   20  109 -102]
