- input data (padded):
[   0    0  108   76 -116  -97   62    2   20  -34  -72 -123  -69  123
  -16   -4   72  -94   23   18   74  -12   44 -115   86  -17  -48  -23
  124   43 -113  -65   72  108  -79  124   32  -26    4   65   15   38
  -88   77  -18   32   35   32   69  -11   80 -115  -93   26   -2   63
   62  -90   67  -80  107   41   89  124   43   56   81  -13  -28 -104
 -122   23 -128 -125  116   51    2   88   33    1    2 -101 -127  -43
  113   89   31  -73   91   91  -89  -36   65   -6  118   18   45   -2
  101  107   87   18  -85   72  -96  -95  116 -127 -127    9   84   23
 -105  -34  -24   50   78   54  -67  -42   66 -120  102 -109  102   94
   90  -74   -6   11    0    0]
- filter values:
[ -11   -6 -128  -62   78]
- filter values ch6:
[ -33  -66 -109  -32   72]
