- input data (padded):
[   0    0  -35 -108   88   88   32  105   64  -16   79    0  -54  -65
  -77  -15  -10  -30 -113   34   83    6  -31   78  -28  -94  -13   51
  101 -124    6   30  113  -85   80  -88  -13  101   44  -54  -96   37
  -61   69   21 -128  -56  122 -117  -69 -112  -49 -107   97   64   53
   68  122  -67  -12  -13   25   51   19  -83   71 -107   46 -107   21
 -104   26    0   74   78  121  106 -101 -102  -43    2   21  -85   89
    4 -114  -40  118 -102 -126  -78  -71   26  107   81  101  -32   12
   80   17   21   53  108  -34   95  -18   79  -15  -60 -106   66   64
  -76   97   22   28   -3 -117   97    8 -121  -84  106   -3  -65   41
   90   14   -8  -48    0    0]
- filter values:
[ 90  78 -80  72 -38]
- filter values ch8:
[-116   70  -10   60    3]
