- input data (padded):
[   0    0  -11   31   -2  -26 -104  -35  106  -84  -21    6  -41  117
  -97  123 -104 -122   34 -121  -75  -68   57  -93  -79  117    6  -50
 -125  -79  -75  125  110 -111  118    9  -95   74  -36 -121   17  124
   73   89   53   91  113   90  -17  -89   -1  103  -51 -125   62  -74
  -42 -115  -74   31   81   -5  -19  -26   52   30   26 -114  -48   -3
  -86 -124   42   34   63  -22  110  -58    7   85  -54    0   65   74
  100  114 -101  -60  -57  -42  126  -32  -73  -96   52  -16   -8  111
  -73   81   18   85   72   -4   17  118  -20  101  -48  106   91  -61
  -24    1  -20   79   38   68   51 -111   80   18  -47   87  125   40
  102  112  -10    6    0    0]
- filter values:
[ 34 -47 -12 -79 -64]
- filter values ch10:
[  76 -113  -10   17    4]
