- input data (padded):
[   0    0  -44   24    3    2  -92   64  -38  -82 -107  -51  116    7
   66  -55  118   86    6    1   51  124  110 -119 -103  -83   41  -64
  -39  -54   55  -24   30   26  100   23  121   71  -96   39   16 -108
  119   -7  -69  -48  -97   68  -50 -102   69  111   30  117   26   81
  -47  -44   66  -37  124   76  123  -92   70   69   53  -14   80   11
  103  -31  119   24   51  -41  -60   83  -62  -59   84  -17   68  124
  -36   67   24   36  119  -18  121   18 -125    2  -43  -94   65   43
  -33  -98    4 -116  -14  -51 -114  -61 -107  -31   86 -103   37  -14
 -109  -39  -67  -93  115   -9  -41  -99 -104   51  -72 -127   15 -103
   88  -46   96 -108    0    0]
- filter values:
[ 47 -76  61 119   0]
- filter values ch7:
[-104   53 -127   21  -72]
