- input data (padded):
[   0    0  -29   11   84  -72   78  -56  -96 -114  111  -49  104   94
   61  102   81   84  102   11  107  -76  -10   92  -99  -35   16 -107
  -86  107  -55  104   60  122 -120    4 -120   -3  100    2  126 -106
  103  -66   27   28   62    7   16  -27   27    9 -110   68  -16   74
   40  -38   30 -118   55    4   80  -50   20   -4 -121  -98  123  -53
   76  -16   38  125   15   -1 -114  -80  -15   12  107   78   53  -11
   43 -108  103  111  -62   38  -48  -20 -118   61 -101  120   72   81
  -84   36  121  -16   77  -96 -105  -66   75  126    6  -88  -63  108
   45   67   47   13  -61   97  -98  126  -29 -100   84    7  -86  -58
  -42   -4  -61  -76    0    0]
- filter values:
[-27 -20  94 -61  53]
- filter values ch0:
[-14  84 -35 112 -52]
