- input data (padded):
[   0    0  -82   22 -122   38 -109   16   97   26  -83  105 -120  -29
  -36  -72   83  -38  -45  -80  -38  -10   51    1 -126   71   85 -126
  -18 -101  -15  -56   71   26 -112  -73   -5  -83  -32   63  -87  -49
   26   89  -87   19  -34   44   97  -66   30  -58 -116   13   93   -4
  -66 -110  -14    8 -118   -8  -50   71 -124  -39   14 -113  119   87
   98 -126  -54 -125 -120   87   -1  -52   57    0  -25  -86  -47  104
 -106   34   40  -84  -12 -113  -69   27 -107  -24  -70  -70  -75  -57
 -118  -73   94   -7 -122  -55  -84  -39  -70  -84   49   94   -9  -40
  -38   23  -55  -66   44  -32   54  -62  -25   70  -35  -78   78   -5
   33  104  111   31    0    0]
- filter values:
[   4  -20   60    0 -104]
- filter values ch12:
[-118   32   16   23   84]
