- conv result for filter set 0, input channel 0:
[  1055  -7326  16985 -16471   4832  -5066   2827 -16652  23807  -5110
   5258   9764   -883   5341   4209  -2117  10721 -13829  11190  -4095
 -13168  15084  -7893 -10441   6846   1484 -15818  23534  -8152  10793
  -8757  14992 -21944   6643  -2637  -3984  19256 -15035  21029 -22319
  13857  -5565   2655    463   4960  -3745   2768  -4217  -3733  11349
 -16245  13247  -2288    986   6620 -14454  12613 -13809  10716  -5068
  10065  -7840  -5449   2761    663 -16996  24050 -10280   7873   2714
  -4990  10454  -8097  -1055  -7016  -3662   8207   1195   8274   1052
   3483 -12547  14878 -11115    624  17086 -15691   3683  -8632   8485
 -18470  21155 -11032  11554  -2298   9966  -7243  -5352  17979 -14681
   4582  -7225  -2028    591   3837   7096  -1952  -2227  -8527  14594
   2175    304  -2163   7335 -18374  22643 -18728   7654   7952 -16975
   5694   3850  -9180  -1571  -3455   1723    116  -5816]
- conv result for filter set 0, input channel 1:
[  3822   8980   7725   5868   -591   -784  18384 -17122   -609 -26404
   4138   3618  15331  -7323  -2427 -13119    468    682   2539 -15750
   7022  11820  -1818  17887  -4517  10480  -3261 -11542  -7624 -16440
   4063 -12969   2140  -9367  -7150   7451  -7178   2437 -12739   5593
 -13237   4641   8242  17978  -5534  -6652   3509  -2388  21251 -16981
  10590 -20318   9357 -18834   9222   4225  25918  -3287   -203 -11062
  23687    784  -1336  -4851   1199  14157  -3914 -18947   5973 -10555
  -4462   6893 -18595  -1465  -5712   4043  25265  -3970   2328 -13382
 -12213   7118   7046   7890   8239  -1062  -5805  -2223 -11348   2249
   3929  -9704  -7974  14598 -16967   8064   5895   4599 -15225  -2599
   4195  28737   4614   6079  -3786   -895  -8508  23801   8603  -5640
  -9682 -20369  -7767  16184  -3425  13586   8130 -16432  12479 -10324
   -770   1979  17214   3765   5278 -14826   6795  -7614]
- conv result for filter set 0, input channel 2:
[  3127 -30830  -6507   -141 -33880 -13709    117 -20999 -22242   5966
  13999 -15112 -13051  10646 -11645 -26440  11667   1428 -16417  14987
  15264   7781  17014  -2898  -9686 -13383 -29761  -9420   1124  -6941
  -4176   8167  32897   5059 -21368   6445  -1519 -15710  -4350 -26513
  -9959  26324   6781 -25616 -14935  -1848 -10854 -29449 -23167 -15973
 -25569 -28931 -22656 -20814 -34308 -26111 -21137 -14663 -10054 -12347
   5832   5553  -5371  21130  27290  12494   7814  13419    263 -11972
    854  -1291 -18335   4120  14349 -16033  -7963   6446 -19214 -24551
 -24290 -21007 -28096 -16939   8563  -4539   1429  30149  -1083   8423
  19492  -4626  -3422  10116  14230   1012   6326  33919  16070  15000
  27082   7280  11223  17534  -8897   -620  13318   8295  11871  19570
   4034   2447    781  15429  14097  -9696   6370  24535   5162  21843
  27613  13151  30458  24734   6794  14104  16181  13357]
- conv result for filter set 0, input channel 3:
[  5133   2631  -6032   7398  -9789  -4383   3201   5882   7681   2846
   6963  -2088   7531   3013  -4056  -6631   2345   -919  -1661   3008
  -8600  -6035 -11392   4224   4963    427   2016  10059   2549  -8663
  -9946  10589  11742 -11895 -18028 -10124   7441   1383   9932   2097
 -17976   2418 -10340   3074   5233   5843    -97  -3015   -244  -7120
   5340  -3803  12122   1905  -7187    777   -709  -1416  -9749   6687
    509  -6075  10070 -19265  13970   -504   -289  14923  -9979   7397
 -13854    210   6371   5788   5398   2794  -2260  -7541   4655 -14078
   9825     92   1297  17301   4130   1071  -3030  15502  -1660  -8605
  -6734 -14348 -10802   4627  10647  -3684   4516   5354  -4040  -9458
  -9707  11058   2295  12072  13295  -3773  -7117 -12039 -17868    596
   4021  -1255   3208  -3855   8946  14632 -14367  -4390  13541 -12395
  14518  12081  -6772   2490  -8946  -9506  11593   2397]
- conv result for filter set 0, input channel 4:
[ -2438  -4748 -12671 -11415 -17942 -15327 -12355  -9498  -5667   9243
   9169   6304   -513  -5595  -1264   5424   -772   3407  -4421  -7170
 -10486 -12654  -6692   2230  13633  20513  28480  19758   5871  -5665
  -1893   2628   8855   4045  -8674 -19317  -7704   1221  11496  21517
  10896  -2637  -8485 -14109     82  10008  13191   3091   3001   4496
   8372   1323 -15908 -28791 -21087  -9774   2298  14567  16157  18326
  13442   4594  -5870  -9615 -15468  -5318    827  12416   9516   1541
 -10445 -17852 -13700  -7646  -2204   6005  12487  11213   9224   1462
  -9045 -16558 -11195  -6561   3709   2683   -431  -2960  -1374  11289
  22046  14432  10247   -851  -6723  -4885 -11555 -11722 -17058 -20136
 -25227 -23532 -21846 -12929  -2828   3942   4306   7941  15682  22189
  25961  18556  13052   9827  12316  16173  17081  12286   3944  -9451
  -5644 -12605  -3315  -8692  -9007 -21537 -25765 -22133]
- conv result for filter set 0, input channel 5:
[-13157 -11736   8505 -18147   3654   7674 -35108   1446   2138   8535
 -13088  -9073  -5275 -25259  -2362  -5762 -34178  -3282     60   7200
 -27262   9733  25082 -15103  10494  14657  12570  19834   9540   1198
 -18395  -8817  -6225  18076   2089  -2348  -4749   4242  -5312  24045
   3399  19533  27766  -7279 -14027   2641 -15087 -11428  -7262  10616
  20028   6229  11197  22709   1218    533  14948 -18040  41133   7776
  32753  17961   7001  22999  14298  11726   8257  -5020  37650    627
   8121   9130  30782   6381  -5672   9278  10943   5260   1433   5219
  12525 -18219   5226 -15180  32074   6218  11860  -3609  27102  -2399
  -7378  29992   7562   3832  11054   6599   1053   9910   1339 -14253
   3403 -14733   4181    849 -16286 -11151    117  -7525 -26705  12986
   1298 -31802   8043  -7164    -89  16556   6212  -6854 -19115    546
     75  -8562  -7109 -11365  -5648 -33102  10511   6880]
- conv result for filter set 0, input channel 6:
[-27584 -10750  24054   8588  -4642  -3453  -6762   -920  11444  30422
   1488 -13297   7933 -12541  -1394  11622   1484  -6932  -5657 -10804
   7464   7930 -13492   4107  16398   -915 -26686  -4059  22488  12485
 -20441   1029   3480 -20598  -2047   6594  -3568  -6024 -11574   5793
   4693  -6134   3556  -4509  -1076  -9794  -2487 -13288 -11057  22155
   9946   3533   2053 -19202   2514     61   4588   7392  -9553   -856
 -17149 -15155  -4381 -14826 -12555  -5814   -297  22981   5138  -2882
  34386  13301 -15696    891  -4720 -13805  -4680  -9296  -4269  17425
  28320   7313 -15909 -19213   5879   9635 -24135  -8681  17147   -357
   2451  -5138 -13389  -5892    836   1872 -13259 -18270 -20635   6883
  -2137 -10362  27729  -5154 -15254  25181  21736  -2407 -19025    311
  12614  10117   7415  -6506 -18594  -7052  15146  -8268   7937    600
   1652  15668 -12332 -22797  -9086   9128   -460   -558]
- conv result for filter set 0, input channel 7:
[   172   5165  -3471  -9926   1993   6468 -21264 -11839  -8150  14971
   6756  -2932   2401   6000  24714  -5593   -505   9716  18073  16825
 -14478 -22048  -1946   2051  -3648 -15562  -2014   3207   2770  -4612
   9333  10078   8271   9424  18782 -15208   -924  14916 -19352   8190
  15386 -22758  -3796  -9556   2580   3314 -24915   8985  22820    303
  10560  13168   3743   2871 -13037  12549    758   5415  22522   8110
  -3393  -3058  25254    872   -387   7881   9744   6190   5518   4959
  17312  -2968   2001 -12389  11730    318 -19931  15010   4671  -2102
  24144  -2687   -451  15507  -1036  17682   3509   5949  16484 -23819
  -3068   5351 -19836   5363  14205 -10662 -13888   -973  -7663 -13652
   2081 -21065 -10995 -10187 -10938  13608  -9684  -9873  12461 -21478
  -8487  -2726 -17313  11271   9863 -18539  -8193 -15722   5322  -2206
 -28269   1907  -5074  -2920   8427  -2911    636 -16046]
- conv result for filter set 0, input channel 8:
[ -8320   8902 -13494 -11582  17352   7232   1796  21410    244   3304
   9676  -3986  -4470 -10236  -5166  -9158   5094  -8486 -12548   3858
  17098  -6562   -740   9482  -8978  -1570 -14428  21680  -3196  -1726
 -15320  27418  -8702    856   6976 -11794   2948   8524  12410 -22322
   3296   -572  -8876   9420   9616 -31450  13124   1172  -6414 -22416
   -790 -17922  -5952   9742  15784  -4054  20626   4828  -6064  -1144
   1222  -3966  21890 -19896  14006 -14138   7982 -14362   2200 -11114
  -4968  -2562   4216  14534   4582  21528   6650 -14260  -7952 -14896
  14874  -7240  -7716  10078   7040 -25376   7656   9826 -18868 -13938
 -10012 -10928  12694   5108  15552  10748  -7918   5458   6558   7996
  -8674  23438  -4830  12048   2026   5450    600   4770 -11452 -18670
  23160  -7408   1096  12436  -7706  18326 -11982  -9124   8958   5748
 -23668  -5290  14038  -2672  -8540  10838   6376   4476]
- conv result for filter set 0, input channel 9:
[ -6026  19877   5298  -4744 -17798  -8702 -10741  18626  43974 -15845
 -22245  19261   4821  -3690 -12437  -6327  20510  -7497  -8580  15349
  -5164  13100   6540 -22528   1357  14116 -26041   1248  14813 -11671
   1737   9355  19182   3245  -8825 -19060 -21426   5646  27209  11523
   6116  -2679 -26463 -14964  11896  19209 -12736  10133  18786  -7442
 -15547 -15127 -14287    613  24104   4950 -18206  -6977  20724  35564
   5918 -34404 -15246  22565   -623 -11618    100  21357   -511 -30278
  -7910   5243   7389   6792  25185   1455   1290 -12748 -12792  18578
  -3830  -8801  -7291   9385   9005 -18778   2316   5389 -19077  -8646
   1842  18977  13765 -16711  -7018   6437 -16551  15964   -128 -10935
  -1193  17640   1134 -15943   1030    216   4092  14629  -1165 -12949
  -3132  -7730 -14129   7715  23510  -3149 -19368  -3639  21947   -343
  10720 -12941 -24691  10818  14025  -8388   6210   -819]
- conv result for filter set 0, input channel 10:
[ -2189   1967   6903  11916  -1617   1426   4817  -3889   9954  -6190
  -3539    518  -8790  23085   -369  15592  16149   5983   9467   1676
  12365  -5122  -2370   1873   3693  19227  15095   3048 -16552  -2247
  -8528  -9486  12910  -6659   1187  14471   2195  -3619 -10209 -17864
 -16549 -10294 -16758 -15244  -9853   3742   6911  -1586  -1256   7814
   1644   7237  11931   4402  19911   4700  -2768  -6883  -3334    472
   1943  -4993  -4082   1554  12124   5150  12559  13146   6649    -66
  -4318 -10167  -6228  -6519   5990 -11215   3123    945  -7269  -4443
 -14862 -19139  -5010   8267   7642  16534  -4676  -6763   5724   4945
  10920    411   3182 -11988  -1481   -917 -12164   -629 -17828  -4544
  -5019  -9341  -5610  -7235  -9635    748 -19049   1133  -1351   1891
   7450  -4434  -9296  -7328 -13485   3159   1133  -6225   7577  -9605
 -12435 -10658 -16875 -18623  -7062  -4372  -2150   4206]
- conv result for filter set 0, input channel 11:
[ -5467 -14612    380  30350  17995 -10016 -15183  -6430   6337   9136
   1965  -6746   6960   9974 -15805  -6378    506 -11433  -9093   7887
  -4427 -11990  11089  26154  -2408 -16543  11791   3158 -10773   6589
  20816  -2881 -14454  19056  21274 -24611 -17919   8746   7000   -911
   3907  25568  -3808 -29797  -3852   6599  17370  25282 -12703  -5761
  13518 -17141  -7507  32503  14233 -26091 -10280  22820   7900 -15301
 -12466    301  12570   2619 -16947 -24125   8580  15766 -17669 -11287
   9475  17217  -6729 -20788  12055   4294  -9121 -15356 -10342  12113
   8543   -829  -3569  13531   6396  -4588  17458  13652   1961   2262
  -3783   3283   2151 -24087 -13654   9570  -1926 -13098  11486  13164
   -236 -19665  -5076  16618 -10642  11652  12542  -4212  -6435  -2813
 -12010  -1460   7805  10468   -932 -28142  14602  23112 -13549 -12336
   7463    390 -25821 -18744  19761  21427  -8929 -14061]
- conv result for filter set 0, input channel 12:
[  7768   -992   3248   3144 -17876    588  13696 -11236   7368  11080
  -5888   8568 -10692    236  10956   4092   2344  -3012  -6164   -264
  16212  -8384 -16216  19888   5048   1528   3340   -380  -6336  -6168
  16968   7508  -6436   6596   4040 -11724   8768   9184  -9312 -10204
  11240   2648  -3360  -1340 -12856  10260   1684    308  15572  -5696
 -15352   3284  11720   9392  -2052  -6128  13368   1152  -2096  -5472
   9584   9284 -10516  12176 -11252 -16264   -736  15492  10232   3828
  12152 -15972  -4812  12528  -8208  -2752   7056   7596   3616 -15476
   9824   3300 -12788  13312   2544   6048   8296  -9684   9200   5044
     44   8088   3652   3032   8892   5392 -16016  -1520  19316   3128
   1932   3168   2852   7856  -8852 -13572   5276   8484   1728  -4236
   4204   8844  -8488    560  -1876   3384   6656 -12208   3596  12564
 -11712  -3180   2668 -12988  -9152   2336   4712     56]
- conv result for filter set 0, input channel 13:
[ 13048   -996  -7293  21850   6293   1530   1464   6672 -26227  -1840
 -27981   1782  15305  18007  17380   2820  -9718  -9418   6852 -20176
 -15253  -1608   3483    743  26341  10785   5831   3387  -1053  -9597
  -2559 -18094   5169  14470   9565  21083  -1986  10947   4350  10257
 -10490   8909   8319   8737  11383 -12306  -2260 -18039  -3324   2366
   7503   7900  -5724 -22235 -10449   1766  29362  11815    164 -30372
 -15137  -5597  10008  -3133   5141   1648 -20258  -1965  15548  20052
   1898 -20399 -14190 -29192 -12843  -8277  -3874   6026  11547  -4784
  21456  13398   6693  -2576  -2051 -16901   5138  13163 -19082    165
   6390  -8436   1596   -863  -8978  15843  -4234  27638 -13257   1318
   3050 -10940  22814 -13149  21749  -2508 -13225 -14252   2385  24250
  -2236 -13721   1079  13357   7171  18445  -1294  11900 -11059  -6224
   4865   1926  24421  -4475  -4743  13244  -6204   3266]
- conv result for filter set 0, input channel 14:
[  8229 -15189   3894   2200    556  -9853  -7741   4252   -108 -23621
   7839  -8266  10622  -5379 -13828   5492  13686   7887   9668  -2841
   5349   3378  -7122 -10110 -10333 -10333   5692   7156  -5439  -7919
 -13659   6558 -11961   7668   1703   7233  -9964  -3845   1213  -6820
  -7408   2933  -4460 -11516  -6271  24196   5689 -14819 -16181 -17269
  14689   4423  -4252 -24404  -1539   5211   -303  22899 -14281   -301
  -1556   1513  21398   5131 -15658  -9396  15644   2961  11381  -1127
    850  -8438   2031   9392   1631  -1346 -14894  -8629   6802  -4628
  -5050  11761  15682 -11896  -9286 -12251   6587  -3411  -3102  15278
  -5360  -5564  -7146  16461   -185  -8792   4321  -5612   3138   7686
   8792   -852  16187 -10110  11275   3770   2559 -12073  -1172  -6880
 -12929 -15966  -2684 -15180   7432   5832  -8407  18014   5316 -14375
  -2086 -11294 -15685  -1924  14411  15377  -3168   2215]
- conv result for filter set 0, input channel 15:
[ -1448   -427 -10416   9292 -19412  25229   6995 -19221   2205   3246
   3482   8877 -31851  -8926  13208 -11974  18945  -9378 -23625  11516
  18378   2062 -19043  -3280  37899 -27339  17120 -23770    736  17489
 -20631  -2044 -16203  20534 -15390  -8990  -1007  16198  -1903 -29545
   2144  12607  11967 -35681    -57  -3847  10477   2946 -26990  10047
   9626  -8258  -6306  14814   4792 -11111 -27578  24589  22167  -3201
 -28483  29741   8298 -17261   4008  12522  -1544  -6691   4824  -9709
 -20624  31167   2873  -9357   6354  -1700   8193  22593  -9206  -3211
  14256  -4755   6745  23572 -19260  17331  12876 -25763  28742 -13724
  -4781  15207   5001 -22103  -3135  27179 -28803    302  27377 -19573
  -3323   6936 -24745   -802  15083  -8515 -11823  -9871   4125 -11053
  -3377 -16043  21706 -13916  16126  -7713   8967 -10832  -7865  25373
   -644 -12576 -14782  23872  -6541  -3687 -12645   8059]
