- conv result for filter set 3, input channel 0:
[ -2121  10331 -13730  21070 -11234   4696 -20976  11690 -23013  19395
  -1954   7660  11517   4942   8983  13288  -1980  22943 -12241   5590
   7920 -12264   6581  -1023  -9626  -9617   8642 -21039  20645  -9382
  27310 -14334  20296 -25212    680   1065  -8400  27996 -22870  29234
 -23069  14014  -8019   8792   -244   7767  -5268   4747   3291 -13525
  12676 -17386  14020   1570   -776  13150 -20878  13134 -15969  17692
  -9874  10862   -176  -5936 -13753   9854 -20731  22903 -12602   5442
   9482    773  15259  -9063  -4484  -9066  -8819   7368   3453  12598
   -269  14177 -20623  13310   2377  -2641  16804 -12428   9636 -20252
  15206 -29319  20007  -9686  22414  -9747   6476   4934  -5831  23836
 -11025   1724 -16759  -3318   7101   8062   2744 -10852   4485  -6284
  13439   4511   7981  -9321  18529 -26229  28052 -12048  -2597   8344
  -5678   1595  -1890  -9788    526  -5456  -6125  -2408]
- conv result for filter set 3, input channel 1:
[-13229  -1401  -2810 -21695  11641  -7558   1576  22579  -2385  16909
  -2849 -10280  -5525  15405  -6134   5650  18798  -7409 -10860  22839
 -23321  -3472  -6040 -20745  11664  -7481  14731   7459  18400   7044
   -355  22969 -12847   9887   5632   1797  -5328   5152  19771  -9449
  -4115  -3002  -5231 -16326  12855 -11864   8184  -5885  -6996   7022
   -456  22412  -4664    541 -17642  -1826  -8532 -11111  -3352   8358
 -13987   8723 -20875   8626  17720 -29427  16773  24428 -19404  24139
  -1823   2600  23314 -20912  11225 -15135 -20689  19832  -7606  14141
   8383 -16752  -2693  -9474 -13486  21580   3256 -14474  28885   5731
 -28673  27452  10113 -22332   7175  -3646   5836    748  -8241   3770
  -5161 -37619   -465  13619 -12292  -3408   8843 -29792  14441  12120
  -4704  37585  -9824 -29347  26337 -30444  -4790  24254  -9544   2327
  -5745  -7300  -5342 -10032   2685  12884  -7754   9535]
- conv result for filter set 3, input channel 2:
[-12494  -6525  25788 -18084   8822  22422   8449   3793   1969  10742
  -3722  -8101   9403   3015 -16051   8593  27701 -10027  19826   3432
 -25648  -6491 -14594 -11567  11751   1473   4158  28397   1090  14534
  -7809  -3860   6315 -36669   2454  -1428  -4002  25483  17798 -16513
  14050  -4816  -7779  -3359   3595   3436   3760   9447  13957   6636
  -1594  10007   8551  21061   6365  28857  -4881  18011  -1594   6977
  25779 -11400   8318  -7047 -13439 -16450  -8531  -1245 -12226   5995
   8198    133  -3876  20454  -7798 -12535   8995 -13141  -3880  13660
   7823  27069   2267  27776   8269 -14148  11098  -8212 -27374  21825
 -19257   -113    560  -2718  10368 -16654  17483  -6818 -19952  -2487
 -22872 -20295   7600   2015  -5305  16106 -17944  -4305  -6202   4475
 -10694   2883 -18879   9434  -7935  -6093  23034 -12892  -3791   -280
 -21449 -15457   6385 -20327     16 -10373 -14491  -4294]
- conv result for filter set 3, input channel 3:
[  3511  -7445 -12918  -4909 -11877   8464   9028   9682  -7083 -10935
 -10948 -17848 -19066 -25842 -22750 -20298  -2247  -9002  -3614 -14581
 -10472   6079  14938  18445  16449  16835  12003  -7443 -18482  -1982
   9840   9851 -15003 -21514   -779  24158  42756  12756  15926  -7023
  -3986  18612  17772  30587  15743  13734  -3631   4201  -2220   8812
  18897   4806   6248  -7394  -5387  -2470  -4186   5566  -2642  23501
  -5202   3966  11942  -7889  29318  -3457  11759  -3898 -19881  -4881
 -10282  12733   6940   3527 -15301  -9877 -24152  -9500   -128 -12072
  17021   3629   6601 -11015 -18883 -20866 -21685 -16233 -37504 -37765
 -22110   1414  15871  22389  19739   5368   7938 -11656  -6916  -3233
  12934  27558  11177   5001 -13095 -37170 -29707  -9683   9196  31417
  16813  13675  25231  14388   4469   6168 -22299   2395  12325  -5443
  11295 -12012 -34459 -15935 -10285    148   7170  -7489]
- conv result for filter set 3, input channel 4:
[-10941   6267 -12543 -13218   2651  10593 -12894   6199  13555  14167
   2551 -16719 -16784  21508  -3375   2097  -1702  -4253   1075 -15136
  -4338   4666  12938   2391  21352  15282   1033 -17940 -12683 -12544
  10613  18346   3004 -28761 -10694   3655   2231  27637  16266 -15051
   1211 -23582 -11349   6428  26952   8314  -6170 -16310   1496  19589
   2752 -32706 -23719   1189   7114  23684   8560   8240   7633   3461
 -17054  -3291 -17333     56  -4493  10432  18556   7614  -8378 -22404
  -9027    303   -186   8023  16327    369   4959   6253  -4640 -25105
  -3941  -3444   4492   9144   9551   1495 -15823  -8792  29929  11869
   1589  -2933 -19759   1645 -10566   -446  -1834  -7375 -14339   -754
  -4056  -8420   2820  18473  12504  -3818   1329   7951  20766   5408
  -2965  -3361  -4357  -3412  12628   5775   8293 -29260   5339 -15659
    290  -2796   9361  -3134 -19078 -14474    563   4355]
- conv result for filter set 3, input channel 5:
[ -4922  15192  16211 -23416  19338  -3033 -10573  28870   7654 -11503
 -21237  18763  22940   -878  24782  -7321  -4503  23447  12883 -10920
 -29796  32611   2232 -36964   7571  -1126  -9855 -15252  -8083  -2082
  14637  18496   9145  -7593 -24517 -11298  20431   8233  -5223  -4436
 -32155  -3116   1235 -21925  15907  29313    427   -117  -1182   3309
 -14296 -27321  -6138  12113 -25197  14324  -6056  -8689  10514 -38510
 -12774 -21080  -7914  12494 -17737  -4352 -18898   4208  11804 -30178
 -14415   3344   6073 -27099 -11203  19530    413  -9227 -19071  14407
  -5495    331   5425   2840   4446 -28477 -20171  -1430  25593 -26400
  -6115  15042 -24430 -13921   5330    596  -6756   7245 -11201   2967
  17606  -2397  10583  -5554  -6637  13581  23271  -6113 -11845  34433
 -14273 -13665  31980  -4361  -5204  -5851 -11969  -4419  13060  30439
  -4437 -10461  -3832  20355  12426  -5389  29764 -17777]
- conv result for filter set 3, input channel 6:
[-22556 -18684  11632  13881   4848  -4197  -8454  -4232   8400  30345
  12927  -4570   1215 -11639  -2392   6186   6073  -3610  -6461 -13858
   3426   6051  -6148   -148  13180   5364 -19926 -13176  12651  18596
  -8973  -2923  -2557 -14762  -7945   1182   -776  -4235 -13609   1083
   2829   -959   1280  -3657  -1389  -9854  -4676 -15251 -13287  12466
  14111  11699   4019 -16057  -3146  -4265   6855   6796  -3498  -2811
 -16810 -18087 -11768 -16562 -15544 -12369  -4219  19173  11134   4073
  28812  21274  -1658  -2818  -7852 -12391  -9359 -12527  -7285  11812
  29955  19194  -5904 -21988  -4094   6614 -15444 -13260   6524   4283
   6916  -4928 -11947 -11136  -2651   1126  -9522 -19751 -26574  -3331
  -4010  -6600  19909   1459  -8286  14034  24157  10560 -13855  -7436
   6515  14245  12341  -1352 -17562 -13564   7261  -3534   8973  -1002
   5456  12613  -3818 -21589 -17444      8   2216   1639]
- conv result for filter set 3, input channel 7:
[  5876  -5461  12133  -9131  15558  -8106  23768   3169   3772  11266
 -10912  15909 -29726   6041 -23391   1106 -12127 -16610 -12364  -2271
  -7785  11860  -9361  22927   2570  22002  -7797  14330  -8455  10337
 -17456   1228 -22671  -2896 -16145  -9820   3038  -9313   -817  13511
 -17680  20435   1992  -3766  21979  -2491  12932  -3311  -8798  -7626
  -4518 -30099   4864 -18896   1882  -1277 -15531   9905 -31833   9975
 -31461   6801 -28925   6636 -16408  -1701 -23599   8694 -30037   9023
 -30636  10506 -14122  -1822   6350  -6511  11226  -1437 -12600   5247
 -13077 -15956   3751 -25401  -3565  -6473 -24791   6094 -19319   3230
   7383  -2886  11913   7720  -5486  14123  -2636  14661  -3698  28514
   2351  19797  19654   6994  15369  13832  -6264  22648 -11548  14970
  13258   5921   7545  15379  -9803  23177  -1821   5480  18480   5939
  18916  14740  -9647  32244 -26073  31010 -26050  23588]
- conv result for filter set 3, input channel 8:
[ -5866   4174    996  20043   2124  -5226   2275  -2800  -9496   3951
 -12755  -7795   1554   1610   5843  -5338   2479    228  14925    180
  -4302  -5608   3657 -10695    161  15172  -3354   2844 -18317  21029
  -4586   9816 -25177  15863  -9118  10766   4610 -13745  -5887  -4279
  18539  -8376   3848  -8248  -3867   2481  11730 -28519   6601  -5475
  16644   1223  21946  -2856   2725  -6664    563 -19427   8715   3349
   3639  -4287    183 -15006  18107 -22543  17650 -19198  16482  -9754
  18558   1287  11978   1723  -8004 -11855 -20920   5189   9807     85
   7440  -9378   9090 -10950  -1270   2746   6126 -24461   -390  11747
  10481  14149   9628  -9636  -1046  -9225   4835   5457  -4796   5346
  -1561   7398 -16701  15469 -14150   3850 -15776   2752   2492  12007
   3470 -12310  17057 -10523  -7291   3556  -8695  12770 -14204  -2207
   6721  13417  -9126    830  10326    780 -12260  -1704]
- conv result for filter set 3, input channel 9:
[ 18269 -21445   4474  -1001  10236  -1511 -22128   -950 -27190 -15638
  32289 -13039  -6300   8724  -4388   8055  -5019 -22695  25646 -24071
   1587   5983  -6769   5811  22253 -16912   -957  22247 -32911   8960
 -11644  -2895  -8215   2583  16352   6274   4124  -7792 -18014 -16827
  20153  -4331  22894  -3692   5894 -27660    675  10872 -11038  12930
  15482  10023  -6093  -3998 -15310 -17750   2466  -9486 -11625 -15660
    947  10652  27315 -14532  -8244   8341  -3610   9261 -18737  28864
  -8329  -2318 -29640   2159 -15392  -3466  23813 -10540  32685 -11652
   6221  10552   4050  10485  -5559   7510  25995 -16106  20620  -5581
   1996 -13627   4651 -10568  40770 -31652  23931  -8255  -4611   3977
   1374    912 -12184  18314   -509  -4180   -127   4024  -4490  23299
   2355   8481 -10773  13694 -27582  13774 -11251  26458 -31866  11331
   3759   2619  11122   9914 -26138  12237    722   -865]
- conv result for filter set 3, input channel 10:
[   629    795  -5177    934   3655  11592  -6521 -14131  17696  -4300
   -263   2762 -13692  16367 -22169  22414   3185 -13451  16079    556
   -483 -11554  17644    591 -20635   6273   5713  10340   2742   2647
 -22340    222  19496 -23179  10015   9583 -17211  11687  13167 -10760
 -11725   1550  -3040   2146  -5923  -7398  -2929  10046  10322  -9048
 -13082  15599   8203 -16940  11243   -862  11394    669 -10098  -7174
   6677   3031   1588  -8166  -1828   -346  14943  -5168  -4389  11580
   7886 -13527  -1214  -2677   5216 -13063  16073  -6967  -8273  13963
  -3096  -5929  -2888  -8773  -5520  19540   -536   4315  -1682 -18735
  12498   7597   4476 -12704   7435  -2339 -10972  16521 -13148   4480
  -8957   -875   7680  -3341 -10317   9826 -10287  13343 -17669  -2021
  13986  -1958   -242   2464  -9467   1453  -6873   1947  15737 -18107
   6495   8094 -13565  -5731   5824  -9752  -4702   9582]
- conv result for filter set 3, input channel 11:
[  -575   7565 -12337 -17192  -8980  10711   9099   2170  -4795  -6546
   7471   8249  -5321  11784   8130  12049  -4590  16903 -12221   -914
 -10141  10577 -28256 -10321   -582   2390 -14706  -3384   1251 -14482
 -15888   7702   5375 -21288   -730   9209   7218 -15191  -8700   4943
 -15933 -12825   3610   6734  -5152  -7984 -29365  -1468   1679  -3147
  -8411  14861  -7060 -19645  -1779  25047    438  -5545    692  18445
  14059   3657    671   1449  26479  10550  -7853  -1622   9851  12559
 -11544  -6071  19138   2171   5514 -12009  11982   1216  -3062 -17504
 -16575  -2075 -15211 -16311  -5705  -8786  -9271  -6476   3116   8814
  11484  -1704  14707  15017   9079 -13721  13586  -6775   5357 -22906
  16535   5164  -8240   3253  -8218   5785 -13956  20759  -9861  21318
  -8682  15862 -14549  -4603  15797  11962  -6695  -3555  19985  13133
  -1776   6793  23229   7631 -12498  -3558  10845  13094]
- conv result for filter set 3, input channel 12:
[-11054  -1886    146  -7055  22384  -3301   8552   8543 -19607  -9240
   7543 -23570  17972   -165  -1382   2789 -16762     50   6196   9321
  -5581   5894    771 -11643  14090 -16572 -17933   7627   3328  14359
  -7696    588 -11437 -14907   6203  11682  -8437   3661   5457  -2928
   3853   7633  -4031 -10068  19490  -5939   7974  -7326 -24156   6244
    859   5143   9956  -9380 -15864  -3050  -5684   9274  -4364    -34
   4085  -5648   6467 -22140  21005  13287   6869  10204 -17124 -20888
 -29415  15688   2369   7911  20520  -9819  -2734    161 -13052   5479
  -7066  10726  11320 -21256  11296 -13844 -15995   8401 -11671   7081
    862 -14484   2828  -7041  -6403  -3898  11355   3356   2683   4084
 -21589  -9166   4515  -5488   9728  10041   7762   9417  -7030 -10962
  -4917  -2937   6518  -7206   8882   4718  -8878   9817 -10086    279
   9388  -9254   5539  21115   2880   8467   1923  -8224]
- conv result for filter set 3, input channel 13:
[-12464 -14101   4539  -1750 -11016   7576  16241   4082   8409   9762
   -152 -14973 -26505 -17915   2276  15426  19563  11516  -4460    649
  10083  -8522 -23699 -11568  -6514  -4995  10431  17767  11479   8699
   6506   4818  -6369 -17683  -8393   5255  13345  12513   7171   7510
  16681  10893  -2324    658  11160  18771  13753   5310  -2289 -10716
 -11250  -3677   7934  14407   1702 -20168 -27817  -6826  21183  28798
   6961 -19702 -23671  -5800   1503  -4196   3739   2888 -18383 -20923
   9280  30237  13063  -6662 -12395 -18640 -21928 -20973 -16082  -3009
  -3307  -7548   7267  20966  14009   7213  -1735 -11367   5119  11970
  -9084  -8953   3878   1711  -3620  -8118  -4214  -3252   8620  15515
   3569  -1025  -3209   3044   3298   2699  14735  14911  -8994 -25370
  -1432  26233   7235 -20576  -9067  10524  13709   7599  12256  15218
    752  -8081  -6013   9870  19877   3063  -2442   8675]
- conv result for filter set 3, input channel 14:
[  -215   8541  -6391   9099  19945   3272   5973  22019   4149  33260
 -18970   1424  12894   3914    674 -21548 -29696  -6702 -12999  -4418
   2272   6213  23579  33012  13023   -744  -5093   5274  23622   5804
  26998  -3489   3849 -16027   6652   4771   4862  15519  14471   4583
   4062  17365  25922  -9802 -13404 -17046  16293  51789  12892    915
 -14113  22460  16495  24653   3901 -36459   4572 -21589  16333  12202
 -29885 -24298  -5928  12163   3704   2087 -28724 -11922 -13329   9857
   5878   -592  -8739 -15493  18828  20776   5146  11969   9779  -4609
 -20806  -9599   1121  29717   5312  16523   5052 -18280  -2028  -3497
  18068 -11561  -1016  -6153  -7190  15791  -4491  -7287 -11893 -13844
 -29216   8141 -19612  -3783 -11703   9186   6477  17602  22748  25783
  25643  39595  -2094   6271  10085 -27869  -5671   -129  -4164  22798
  28075  26087   2222 -22385 -17649 -19323   2410   3974]
- conv result for filter set 3, input channel 15:
[ -8404  14874  -7181   4369  -8823   9272 -18869  18854  -5977  -8825
   9967   -261   3041   9400 -17667   6433   8604 -12392  18102 -11434
  -8052   9719    -71  -1517  -8468  -1964  22931 -29443  28160 -21675
  10763  11222 -15844  13827 -14081  19109 -15372   4404   -850   7247
  -1562 -12136  11622   1842  10284 -19531  15030  -7341   7096   1368
 -16332  13251  -1694  -2978    938   8041  -2600  -2419 -14272  17083
  -1473  -2205 -16876  19917  -8804  -7525   8004   3721     68   -717
   4535  -4953 -11435  20176 -12454  -3805   4384  -7014   3166   8677
 -12464    290   4279 -10480   2151   9832 -20471  15713     80 -19855
  27479 -20581   6889   6948  -1268  -9249    486  15243 -22893  11750
  13309 -17238   8601   3190 -14326   9809   7841  -3970   4218  -1423
   7200  -7660   5014 -12511  18669 -19012  17415 -14509   8785  -8988
  -2938  15856  -7924   1981  -6138  17163 -13140   4003]
